name : test1 
weight : 9.000000 
X1 : 8.000000 
X2 : 7.000000 
W1 : 6.000000 
W2 : 5.000000 
