name : test2 
weight : 24.000000 
X1 : 3.000000 
X2 : 42.000000 
W1 : 61.000000 
W2 : 5.000000 
